```
              operandA              |               operandB              |  selector  |                 output                |                expected               | carryflag | overflag | zeroflag
---------------------------------------------------------------------------------------------------------------------------------------------------------------------------------------------------------
_____________________________________________________________________________________________Addition Tests_____________________________________________________________________________________________
>>>Simple>>>
  00000000000000000000000000000000  |  00000000000000000000000000000001   |    000     |    00000000000000000000000000000001   |    00000000000000000000000000000001   |     0     |    0     |     0    
  01001000001110000000100001100001  |  10000000110000010011000001001000   |    000     |    11001000111110010011100010101001   |    11001000111110010011100010101001   |     0     |    0     |     0    
>>>Carryout>>>
  11001000001110000000100001100001  |  11001000001110000000100001100001   |    000     |    10010000011100000001000011000010   |    10010000011100000001000011000010   |     1     |    0     |     0    
  11111111111111111111111111111111  |  11111111111111111111111111111111   |    000     |    11111111111111111111111111111110   |    11111111111111111111111111111110   |     1     |    0     |     0    
  11111111111111111111111111111111  |  00000000000000000000000000000011   |    001     |    11111111111111111111111111111100   |    11111111111111111111111111111100   |     1     |    0     |     0    
>>>Overflow>>>
  01111111111111111111111111111111  |  01111111111111111111111111111111   |    000     |    11111111111111111111111111111110   |    11111111111111111111111111111110   |     0     |    1     |     0    
  01111111100101110001111110000111  |  00111111111111111111111100000000   |    000     |    10111111100101110001111010000111   |    10111111100101110001111010000111   |     0     |    1     |     0    
>>>Carryout and Overflow>>>
  10000100000101110001111110000111  |  10000000000101111101100110000111   |    000     |    00000100001011101111100100001110   |    00000100001011101111100100001110   |     1     |    1     |     0    
  10000000000000000000000000000000  |  10000000000000000000000000000000   |    000     |    00000000000000000000000000000000   |    00000000000000000000000000000000   |     1     |    1     |     1    

___________________________________________________________________________________________Subtraction Tests___________________________________________________________________________________________
>>>Simple>>>
  00000000000000000000000000000000  |  00000000000000000000000000000001   |    001     |    11111111111111111111111111111111   |    11111111111111111111111111111111   |     0     |    0     |     0    
  11001000001110000000100001100001  |  11111000110000010011000001001000   |    001     |    11001111011101101101100000011001   |    11001111011101101101100000011001   |     0     |    0     |     0    
>>>Carryout>>>
  11001000001110000000100001100001  |  11001000001110000000100001100001   |    001     |    00000000000000000000000000000000   |    00000000000000000000000000000000   |     1     |    0     |     1    
  11111111111111111111111111111111  |  11111111111111111111111111111101   |    001     |    00000000000000000000000000000010   |    00000000000000000000000000000010   |     1     |    0     |     0    
>>>Overflow>>>
  01111111111111111111111111111111  |  10000000000000000000000111111111   |    001     |    11111111111111111111111000000000   |    11111111111111111111111000000000   |     0     |    1     |     0    
  00000000000101110001111110000111  |  10000000000000000000000000000000   |    001     |    10000000000101110001111110000111   |    10000000000101110001111110000111   |     0     |    1     |     0    
>>>Carryout and Overflow>>>
  10000100000101110001111110000111  |  00111111111111111111111100000000   |    001     |    01000100000101110010000010000111   |    01000100000101110010000010000111   |     1     |    1     |     0    
  10000000000000000000000000000000  |  00000000000000000000000000000001   |    001     |    01111111111111111111111111111111   |    01111111111111111111111111111111   |     1     |    1     |     0    

________________________________________________________________________________________________XOR Tests________________________________________________________________________________________________
  00000000000000000000000000000000  |  00000000000000000000000000000000   |    010     |    00000000000000000000000000000000   |    00000000000000000000000000000000   |     0     |    0     |     1    
  11111111111111111111111111111111  |  00000000000000000000000000000000   |    010     |    11111111111111111111111111111111   |    11111111111111111111111111111111   |     0     |    0     |     0    
  00000000000001111000000000000110  |  00111100000000000110000000001100   |    010     |    00111100000001111110000000001010   |    00111100000001111110000000001010   |     0     |    0     |     0    

________________________________________________________________________________________________SLT Tests________________________________________________________________________________________________
  01010101010101010101010101010101  |  10101010101010101010101010101010   |    011     |    00000000000000000000000000000001   |    00000000000000000000000000000001   |     0     |    1     |     0    
  11111111111111111111111111111111  |  11111111111111111111111111111111   |    011     |    00000000000000000000000000000000   |    00000000000000000000000000000000   |     0     |    0     |     1    
  00000000000000001111000000000000  |  00000000000000001110111111111111   |    011     |    00000000000000000000000000000000   |    00000000000000000000000000000000   |     0     |    0     |     1    
  00000000000000001111000000000000  |  00000000000000001111000000000001   |    011     |    00000000000000000000000000000001   |    00000000000000000000000000000001   |     0     |    0     |     0    
  01010101010101010101010101010101  |  10101010101010101010101010101010   |    011     |    00000000000000000000000000000001   |    00000000000000000000000000000001   |     0     |    1     |     0    

________________________________________________________________________________________________AND Tests________________________________________________________________________________________________
  01010101010101010101010101010101  |  10101010101010101010101010101010   |    100     |    00000000000000000000000000000000   |    00000000000000000000000000000000   |     0     |    0     |     1    
  11111111111111110000000000000000  |  11111111111111110000000000000000   |    100     |    11111111111111110000000000000000   |    11111111111111110000000000000000   |     0     |    0     |     0    
  11010100101000101110011100010010  |  00101001100101001010111001001011   |    100     |    00000000100000001010011000000010   |    00000000100000001010011000000010   |     0     |    0     |     0    

________________________________________________________________________________________________NAND Tests________________________________________________________________________________________________
  11111111111111111111111111111111  |  11111111111111111111111111111111   |    101     |    00000000000000000000000000000000   |    00000000000000000000000000000000   |     0     |    0     |     1    
  11111111111111110000000000000000  |  11111111111111110000000000000000   |    101     |    00000000000000001111111111111111   |    00000000000000001111111111111111   |     0     |    0     |     0    
  11010100101000101110011100010010  |  00101001100101001010111001001011   |    101     |    11111111011111110101100111111101   |    11111111011111110101100111111101   |     0     |    0     |     0    

________________________________________________________________________________________________NOR Tests________________________________________________________________________________________________
  01010101010101010101010101010101  |  10101010101010101010101010101010   |    110     |    00000000000000000000000000000000   |    00000000000000000000000000000000   |     0     |    0     |     1    
  11111111111111110000000000000000  |  00000000000000001111111111111111   |    110     |    00000000000000000000000000000000   |    00000000000000000000000000000000   |     0     |    0     |     1    
  11010100101000101110011100010010  |  00101001100101001010111001001011   |    110     |    00000010010010010001000010100100   |    00000010010010010001000010100100   |     0     |    0     |     0    

________________________________________________________________________________________________OR Tests________________________________________________________________________________________________
  00000000000000000000000000000000  |  00000000000000000000000000000000   |    111     |    00000000000000000000000000000000   |    00000000000000000000000000000000   |     0     |    0     |     1    
  11111111111111110000000000000000  |  00000000000000001111111111111111   |    111     |    11111111111111111111111111111111   |    11111111111111111111111111111111   |     0     |    0     |     0    
  11010100101000101110011100010010  |  00101001100101001010111001001011   |    111     |    11111101101101101110111101011011   |    11111101101101101110111101011011   |     0     |    0     |     0    
```
